17228162861
17228126494
17228127663
17228150404
17229270169
17228132430
17229272179
17229270908
17229273160
17220578780
17227982137
17229274642
17229272317
17220579833
17229271687
17227989479
17227989572
17220579397
17229274171
17220579366
17229271084
17229274663
17220578554
17220578915
17229272447
17229274138
17228157033
17229274227
17227989226
17229274176
17229272511
17229274656
17229274131
17220578097
17229274132
17229274022
17229274979
17229274067
17227989508
17229274062
17220578241
17229274422
17227989156
17229274449
17229272772
17229272370
17229274824
17229272619
17227989650
17227989745
17229272518
17229272535
17227989760
17229274588
17229274966
17229272553
17229273916
17229273969
17227986031
17228028258
17228028155
17228016632
17228026981
17228024503
17228024328
17228013934
17228000054
17228016720
17228016651
17228026288
17228016764
17228017048
17228017332
17228014458
17228016744
17228016741
17228013909
17228016794
17228029231
17228016791
17228016696
17228016769
17228018577
17228016715
17228011456
17228013916
17228028365
17228014550
17228028630
17228017303
17228016662
17228017309
17228029314
17228017272
17228022427
17228028642
17228017827
17228028787
17228028563
17228022956
17228029634
17228028029
17228028462
17228028415
17228028686
17228017086
17228028174
17228000631
17228028256
17228028913
17228017536
17228029315
17228029703
17228029616
17228028066
17228028912
17228028963
17228029737
17228013878
17228029668
17228029838
17228014537
17228000082
17228017111
17228029109
17228029649
17228028372
17228029747
17228029658
17228028039
17228028714
17228029962
17228028374
17228014712
17228028186
17228028009
17228028217
17228028968
17228028017
17228029728
17228029770
17228028209
17228028211
17228029966
17228029982
17228028696
17228028499
17228017219
17228029364
17228013895
17228028747
17228017665
17228013398
17228015631
17228003475
17228021887
17228022181
17228017026
17228014786
17228029340
17228021388
17228028391
17228000985
17228008996
17228029309
17228029417
17228017089
17228017084
17228028451
17228014716
17228022780
17228013376
17228017868
17228022298
17228029423
17228014713
17228022778
17228013335
17228008807
17228028872
17228022723
17228021232
17228028919
17228021916
17228008997
17228029030
17228029307
17228029004
17228028493
17228000078
17228029472
17228029541
17228029559
17228028436
17228013349
17228029462
17228021742
17228028818
17228017045
17228017872
17228017046
17228014767
17228029552
17228014768
17228021725
17228020371
17228014651
17228021339
17228029248
17228000046
17228029091
17228028300
17228014424
17228017657
17228028489
17228013945
17228014666
17228028275
17228019966
17228028476
17228028449
17228028478
17228017774
17228017716
17228014432
17228013030
17228017767
17228014635
17228013015
17228026660
17228020482
17228014638
17228011139
17228014454
17228017000
17228014414
17228008829
17228011658
17228014670
17228018510
17228026697
17228027050
17228022547
17228014954
17228008872
17228017822
17228022084
17228017164
17228000040
17228013247
17228022922
17228015083
17228017635
17228026716
17228018526
17228017842
17228013258
17228022548
17228017959
17228014740
17228013244
17228017911
17228017866
17228020390
17228005135
17228017595
17228000727
17228017869
17228014804
17228018186
17228018210
17228014660
17228014420
17228017670
17228017819
17228019286
17228014903
17228017615
17228017912
17228017741
17228000141
17228018764
17228017817
17228017816
17228014681
17228013936
17228017625
17228018972
17228013830
17228019322
17228001372
17228014707
17228017933
17228020169
17228017430
17228018863
17228019163
17228017865
17228015048
17228014822
17228017732
17228015040
17228017754
17228014897
17228020726
17228015234
17228008835
17228008834
17228020032
17228013234
17228020256
17228000992
17228020939
17228005306
17228017948
17228020481
17228011495
17228014820
17228017744
17228003267
17228019273
17228020454
17228017521
17228011976
17228017433
17228017424
17228017402
17228015656
17228020828
17228000036
17228017682
17228000757
17228019535
17228019970
17228014953
17228017788
17228017940
17228017440
17228019844
17228013298
17228015563
17228019701
17228013270
17228000729
17228017584
17228019783
17228000732
17228019213
17228017972
17228010799
17228019602
17228019330
17228013347
17228013837
17228000114
17228013275
17228000676
17228020783
17228017977
17228013343
17228014231
17228000901
17228006513
17228020947
17228011723
17228014628
17228011834
17228011306
17228014613
17228000086
17228015118
17228011236
17228000680
17228011246
17228011283
17228005480
17228011232
17228000809
17228011418
17228011401
17228011393
17228011270
17228000629
17228011924
17228011275
17228011220
17228011279
17228011262
17228011291
17228011572
17228008762
17228011358
17228011352
17228011966
17228011953
17228005475
17228011126
17228010498
17228010528
17228010136
17228010082
17228010085
17228003860
17228010752
17228010130
17228010524
17228010872
17228010941
17228006444
17228010074
17228010666
17228002570
17228010801
17228010053
17228010721
17228002404
17228010185
17228010078
17228010949
17228010223
17228010619
17228010263
17228001684
17228010224
17228010744
17228010297
17228002083
17228002397
17228006626
17228002741
17228002736
17228002751
17228010579
17228002671
17228004151
17228002508
17228002718
17228002669
17228002609
17228010651
17228002229
17228001050
17228004039
17228002108
17228004089
17228002094
17228006561
17228007319
17228002162
17228006714
17228002492
17228002159
17228010169
17228002803
17228006602
17228006868
17228006837
17228002409
17228010164
17228006457
17228002467
17228006601
17228006607
17228002432
17228002146
17228002583
17228002941
17228002087
17228006595
17228002181
17228004643
17228002112
17228004661
17228004647
17228002247
17228002379
17228002928
17228002901
17228002739
17228002851
17228001387
17228002878
17228002872
17228002915
17228002926
17228006722
17228002313
17228001606
17228002486
17228002863
17228002350
17228001729
17228006430
17228002982
17228004139
17228002903
17228002235
17228001015
17228002917
17228001300
17228001747
17228001281
17228001539
17228001129
17228001275
17228001489
17228001848
17228001762
17228001787
17228001037
17228001572
17228001715
17228001497
17228004095
17228001579
17228001804
17228001486
17228001526
17228001621
17228001135
17228001476
17228001193
17228002305
17228001725
17228001233
17228001605
17228001005
17228001358
17228001374
17228001774
17228001793
17228001499
17228001808
17228001959
17228001643
17228001216
17228001475
17228001805
17228001862
17228001691
17228001974
17228001766
17228001767
17228001928
17228001447
17228001726
