
1 13728031140 李帅 611140
2 18818803189 陈志伟 613189
3 13535238221 雷少棠 628221
4 13503055202 唐升卫 635202
5 15814536196 王展 636196
6 15989002304 胡峰 652304
7 13503060029 王朋 660029
8 15013130171 张华 660171
9 13922130306 郭志辉 660306
10 13925080315 张良波 660315
11 13903070405 李传健 660405
12 13822290456 郑国荣 660456
13 13570250564 刘子钊 660564
14 13533320697 高庆水 660697
15 13560090805 安然然 660805
16 13928750816 肖凯 660816
17 13560090910 张健 660910
18 13923092326 姚潮杜 662326
19 13924212363 黎小林 662363
20 13925052550 欧小波 662550
21 13928822806 肖翠琼 662806
22 13825042969 陈杰波 662969
23 13480242981 陈锦攀 662981
24 13826493134 13826493134 663134
25 13922123845 刘树泉 663845
26 13829774110 何景明 664110
27 15918464822 李伟 664822
28 13763354968 何耀蝶 664968
29 13924055172 宋彪 665172
30 13926095258 宋强 665258
31 13926035275 范日新 665275
32 13660545322 杨美容 665322
33 13570255489 蔡少玲 665489
34 13580475586 周杰联 665586
35 13570245856 李方勇 665856
36 13570246309 夏芳华 666309
37 13902286440 宋萌 666440
38 13822276821 王流火 666821
39 13660577477 唐建辉 667477
40 13924267678 黄嘉健 667678
41 13500027917 安然然 667917
42 13527887966 李爱国 667966
43 13903008004 张海荣 668004
44 13922218066 张建设 668066
45 15013198729 张丽 668729
46 13822138955 毕建勋 668955
47 13822269648 罗清杰 669648
48 13660119326 广州市白云区日中升皮饰厂 679326
49 13710150025 潘小锋 680025
50 13926430052 王锐 680052
51 13926098006 杨翠茹 68006
52 13560420071 陈拓 680071
53 13928810112 刘梦娜 680112
54 13711460118 岑辉 680118
55 13500000119 华慧仁 680119
56 13822120151 孟金岭 680151
57 13609000161 禤文健 680161
58 13560020179 胡静斐 680179
59 13640600180 李向华 680180
60 13539970188 13539970188 680188
61 13660660197 沈源 680197
62 13570090212 匡春玲 680212
63 13431030219 刘丹娜 680219
64 13609000224 曾杰 680224
65 13902230227 杨少玲 680227
66 13632260238 曾振中 680238
67 13926130256 许凯 680256
68 13826180274 刘嘉文 680274
69 13600000307 谭钻 680307
70 13902270315 王利伟 680315
71 13580330335 郑亚茹 680335
72 13602730346 田翔 680346
73 13602730349 陈云川 680349
74 13922260350 王国利 680350
75 13925060379 陈雅莉 680379
76 13802900394 庞小峰 680394
77 13826070401 李翠连 680401
78 13826180418 张远 680418
79 13570900455 郑少鹏 680455
80 13711280478 杨晓辉 680478
81 13501540483 盘思伟 680483
82 13672420561 唐慧君 680561
83 13570360565 陈哲 680565
84 13802930614 王亮 680614
85 13922190636 钟万里 680636
86 13902280645 马京源 680645
87 13925095070 徐晖 68070
88 13600080706 章振云 680706
89 13922720722 李旻然 680722
90 13502240730 杨毅 680730
91 13922210796 赵勇 680796
92 13825150797 钟国彬 680797
93 13928730815 刘艳青 680815
94 15088060823 黄缙华 680823
95 15088050825 赵宁 680825
96 13922420839 欧开健 680839
97 13924290851 彭向阳 680851
98 18825080855 刘菲 680855
99 13602470866 孙闻 680866
100 13609030876 黄睿 680876
101 13609030887 翁洪杰 680887
102 13808890900 钟清 680900
103 13925190911 李兰芳 680911
104 13926010915 付强 680915
105 13924190919 左郑敏 680919
106 13903000924 麦晓明 680924
107 13903010927 陈守明 680927
108 15986380937 沈观培 680937
109 13560208618 欧阳旭东 680979
110 13533910993 盘荣旋 680993
111 13825151007 苏英华 681007
112 13620421010 陈希华 681010
113 13922381026 袁智勇 681026
114 13926041053 孟庆亮 681053
115 13570541065 任娟娟 681065
116 13822281217 刘东敏 681217
117 13926431228 涂小涛 681228
118 13926171230 王梦君 681230
119 13922241232 何志日 681232
120 13925061278 梅成林 681278
121 13602801314 李智荣 681314
122 13609751341 陈天生 681341
123 13802971370 郭洪标 681370
124 13922111391 郭意玲 681391
125 13826281424 邓小文 681424
126 13822271463 黄丰 681463
127 13602791501 王伟 681501
128 13925041516 刘石 681516
129 13433951527 谢社新 681527
130 13503081530 侯艾君 681530
131 13602211553 何衍和 681553
132 13822131566 郑曼丽 681566
133 13602811587 张军 681587
134 13922481616 刘剑锋 681616
135 13751851658 董重里 681658
136 13422331678 13422331678 681678
137 13533211681 张红福 681681
138 13580591742 黄曙 681742
139 13802501760 何展雄 681760
140 13602801771 梅桂华 681771
141 13826114179 余南华 68179
142 13922421818 李书杰 681818
143 13503011819 谢善益 681819
144 13924151826 徐广文 681826
145 13602751839 王宇 681839
146 13808821846 吴吉 681846
147 13560091848 朱良合 681848
148 13925031857 王佐东 681857
149 13825131876 司徒清 681876
150 13802401884 林木松 681884
151 13925111905 郭斌 681905
152 13926451984 宋旭东 681984
153 13609082001 马庆增 682001
154 13828402009 张欣 682009
155 15975552025 15975552025 682025
156 13609712034 刘伯夫 682034
157 13609022070 黎倩瑜 682070
158 13928792102 李闯 682102
159 13928872104 罗敏 682104
160 15915892125 梁志宏 682125
161 13926402182 冯婷 682182
162 13600082198 江学荣 682198
163 13570562201 黄典昌 682201
164 13926402226 付强 682226
165 13609012239 高新华 682239
166 13580382251 梁如清 682251
167 13430362259 陈智 682259
168 13826152273 陈启鹏 682273
169 13503012275 黎奕伟 682275
170 13609642281 孙超凡 682281
171 15013152285 邹洪 682285
172 13660392304 赵山 682304
173 13926292337 危健勇 682337
174 13902302401 庞志强 682401
175 13825152436 黄杨珏 682436
176 13926032480 李丽 682480
177 13922742513 项小红 682513
178 13660272520 黄广生 682520
179 13602722533 李浩坤 682533
180 13926032546 林木松 682546
181 13556142553 黄慧珺 682553
182 15920472670 马明 682670
183 15920472691 马明 682691
184 13922792699 何凤生 682699
185 13503022708 马振通 682708
186 13928972725 张倩 682725
187 18802012740 邹庄磊 682740
188 13719112753 李丽 682753
189 13925002771 余欣 682771
190 13922232781 欧阳春明 682781
191 13925092806 李新虎 682806
192 13802522281 谢锦焕 68281
193 13622882818 邓剑华 682818
194 13570972841 陈壁署 682841
195 13922212853 饶章权 682853
196 18826432855 张弛 682855
197 13430282917 毕铭埙 682917
198 13924212979 李阮昭 682979
199 13602812984 刘建军 682984
200 13902232995 叶向前 682995
201 13922263010 黄莹 683010
202 13502413071 刘红文 683071
203 13802763083 吴欣静 683083
204 13602770309 吴晓宇 68309
205 13622743097 周杰联 683097
206 13922263106 毕建晖 683106
207 13902263135 伍宇忠 683135
208 13922123145 李乾文 683145
209 13903073148 何丽仙 683148
210 13829733183 张洪星 683183
211 15913183188 朱俊龙 683188
212 13502453192 曾祥安 683192
213 13632433247 王斌 683247
214 13424053337 张海胜 683337
215 13926023375 潘君镇 683375
216 13600003387 丁浩杰 683387
217 13631333393 黄立良 683393
218 13802933442 林春耀 683442
219 13926023461 何炳燊 683461
220 13902293471 吴柏雄 683471
221 13719303482 冯镇钊 683482
222 13902203494 林清如 683494
223 13922243504 严家隽 683504
224 13609713514 温丽芳 683514
225 13926033516 高铭山 683516
226 13925053552 张婷婷 683552
227 13926033567 姚泽 683567
228 13926063568 荆勇 683568
229 13828483571 舒探宇 683571
230 13668943585 苏建强 683585
231 13922463592 李光耀 683592
232 13925053621 张俊峰 683621
233 13500223650 孙勇 683650
234 15002013665 邓晓东 683665
235 13922173666 虞月荣 683666
236 13822263671 邓倩 683671
237 13922423686 黄彦彬 683686
238 13725313688 顾学群 683688
239 18825083721 钟飞 683721
240 13826283748 吴国富 683748
241 13922433756 李强 683756
242 13632373783 吴晓锋 683783
243 13622843787 辜鹤瑜 683787
244 13926423828 杨世哲 683828
245 13826073869 赵东生 683869
246 15913163927 齐朝晖 683927
247 18820133939 谢宁 683939
248 13802983942 郑晓光 683942
249 13802783943 叶千里 683943
250 13903053953 王增彬 683953
251 13925063955 邓志 683955
252 13926033958 胡勇 683958
253 13926003982 范洁 683982
254 13825053989 张超树 683989
255 13926164040 刘正富 684040
256 13826264048 邓伟豪 684048
257 13500004110 余天龙 684110
258 13503004111 王树 684111
259 13922214116 林进弟 684116
260 13719054132 黎越华 684132
261 13922124163 朱亚清 684163
262 13926034179 钟丁平 684179
263 13650774184 何永 684184
264 13430334228 吴佩琪 684228
265 13602864236 李文胜 684236
266 13924284282 陈晓科 684282
267 13602714326 陈迅 684326
268 13535464335 赖少华 684335
269 13926034382 林强 684382
270 13926034397 肖建毅 684397
271 13926034399 霍鹏 684399
272 13802964430 萧晓燕 684430
273 13926034450 范婉坤 684450
274 13926034456 谭金 68456
275 13925034582 张署光 684582
276 13922724599 孙文星 684599
277 13926014629 崔秀玉 684629
278 13602734665 孙泉勇 684665
279 13922254707 孟源源 684707
280 13926034798 田丰 684798
281 13502414850 宋景慧 684850
282 13763384911 魏焱 684911
283 13826491332 黎晓淀 684920
284 13924174921 徐峰 684921
285 13538984953 梁伟明 684953
286 13826454962 陈磊 684962
287 13925064965 李鑫 684965
288 13926034980 彭卫华 684980
289 13503004994 张东杰 684994
290 13808895008 张毅超 685008
291 13829735014 马木华 685014
292 13902275027 杨楚明 685027
293 13924095039 胡慧玲 685039
294 13926055505 徐晖 68505
295 13808825067 杨辰 685067
296 13825055086 黄立滨 685086
297 13926035110 温智勇 685110
298 13928765114 刘维 685114
299 13922335120 汪进锋 685120
300 15920135145 15920135145 685145
301 13602755152 盛超 685152
302 13926035171 罗娅 685171
303 13802765186 吴欣静 685186
304 13926035192 钱艺华 685192
305 13926035202 陆锦华 685202
306 13902385210 周伊琳 685210
307 13926035234 王标 685234
308 13725245244 周燕 685244
309 13926035246 陈刚 685246
310 13500015251 林国营 685251
311 13560055312 邓凯 685312
312 13926035326 刘庆鑫 685326
313 13802755340 彭嘉宾 685340
314 13826175360 方健 685360
315 13763335366 罗嘉 685366
316 13580515374 广州声迅通讯科技有限公司 685374
317 15914375393 马明锐 685393
318 13602805397 胡巧明 685397
319 13802945413 郭钢军 685413
320 13926065416 潘彦纯 685416
321 13924155436 宋宇婧 685436
322 13688865442 陈云 685442
323 13926035445 范圣平 685445
324 13926035468 苏雷涛 685468
325 13600005471 邓少翔 685471
326 13808895495 骆书剑 685495
327 13926035496 郑李坤 685496
328 13926035499 李千军 685499
329 13926035505 湛志钢 685505
330 13600055507 陈力文 685507
331 13825015512 黎奕伟 685512
332 13802975516 张正峰 685516
333 13926405539 吴昊 685539
334 13602815540 马存仁 685540
335 13710225548 欧阳先顺 685548
336 13902305560 邓淑斌 685560
337 13825135577 喇元 685577
338 13922265585 杨炎 685585
339 13570235588 马桂明 685588
340 13560485594 孙锦余 685594
341 13926035615 汤龙华 685615
342 13925015625 桂媛 685625
343 13825135631 殷立宝 685631
344 13926035649 张宏亮 685649
345 13926035654 王兴毅 685654
346 13822195656 赵伟 685656
347 13926035667 孔范太 685667
348 13926035684 伍绍君 685684
349 15915925732 张梓喆 685732
350 13926035739 廖丽娜 685739
351 13922205789 魏伟 685789
352 15920195797 王晓华 685797
353 13922265866 李鹏云 685866
354 15915915876 周小庆 685876
355 13922475878 郑越 685878
356 15013135910 李凤妹 685910
357 13902275939 李兴旺 685939
358 13826115941 王宇 685941
359 13711526002 杨焕杰 686002
360 13922266012 徐晓刚 686012
361 13825136019 崔振东 686019
362 15920856052 白智中 686052
363 13602846078 黄梦雨 686078
364 13609086114 张春雷 686114
365 15018756115 张俊峰 686115
366 13600066125 陈锐 686125
367 13825156127 周原 686127
368 13829756128 曾瑞江 686128
369 13924266141 韩景复 686141
370 13826236150 胡海生 686150
371 13609016178 卢方龙 686178
372 13922416182 刘义 686182
373 13609746219 孙卫明 686219
374 13926016241 牛勇 686241
375 13724896243 何福全 686243
376 13826126256 潘凤萍 686256
377 13808846275 王礼平 686275
378 13926026285 魏理豪 686285
379 18820106294 王超 686294
380 13826086301 向谆 686301
381 13802726321 王奕 686321
382 13926076383 杨龙滨 686383
383 13822256390 唐瑛 686390
384 13660886417 刘丽华 686417
385 13609016482 何耀波 686482
386 13435656556 李华亮 686556
387 13926106558 欧阳伟基 686558
388 13802956575 钟定珠 686575
389 13600056582 崔丽丽 686582
390 13632365667 陈顺强 68667
391 13825136677 卢启付 686677
392 13416346693 廖建斌 686693
393 13922246731 刘志刚 686731
394 13570096751 曾凡云 686751
395 13432026756 于庆朝 686756
396 13926036796 彭书杰 686796
397 13924226839 窦洪 686839
398 13602896850 李志峰 686850
399 18826456868 靳一林 686868
400 13503046870 梁德平 686870
401 13922246887 李玺 686887
402 13535216896 陈杰平 686896
403 13922426898 刘连 686898
404 13922756912 陈义龙 686912
405 13829766987 肖磊石 686987
406 13760737018 李军 687018
407 13602857025 余龙二 687025
408 13570397072 刘金状 687072
409 13926417085 樊小鹏 687085
410 13660187088 黄建冲 687088
411 13500027169 曾庭华 687169
412 13925027203 赵浩 687203
413 13925087206 吴娅 687206
414 13825127292 段晖 687292
415 13600457356 孙大毅 687356
416 13570537361 宋建珂 687361
417 13802797437 肖志前 687437
418 13423667452 陈圳谦 687452
419 13925057467 陈世和 687467
420 13928887472 陈乐 687472
421 13672437496 林木松 687496
422 13622237507 易琳 687507
423 15986357546 新客户 687546
424 13925117567 董玉琴 687567
425 13538817671 何河星 687671
426 13539957709 祁舒喆 687709
427 13902307714 吕利民 687714
428 13609077731 曾德枝 687731
429 13602797737 肖志前 687737
430 13926497742 郭计 687742
431 13822287768 陈芬 687768
432 13570567776 覃泽棒 687776
433 13925127796 单海同 687796
434 13824457823 陈纪捷 687823
435 13922787836 王晓毛 687836
436 13538987851 何拥军 687851
437 13430207866 李佳 687866
438 13825127880 赵兵 687880
439 13925107893 邵景涛 687893
440 13926117930 刘亚明 687930
441 13600078006 周强峰 688006
442 13926098012 李晓刚 688012
443 13802528020 魏俊涛 688020
444 13922248041 毕建晖 688041
445 13688868066 杨秋勇 688066
446 13926068067 万文军 688067
447 13501518179 万翟 688179
448 15820278236 高庆水 688236
449 13430358282 高玮 688282
450 13501528286 罗乔山 688286
451 13527658303 林惠梅 688303
452 13539488319 黄浩坤 688319
453 13724868322 陈展礼 688322
454 13602748427 胡红生 688427
455 13533448428 吴丹 688428
456 13503098453 廖永进 688453
457 18819828456 李斌 688456
458 13925098458 李丽娟 688458
459 13602808469 陈世和 688469
460 13922268516 翁情安 688516
461 13602808541 陈祖伟 688541
462 13826108596 唐念 688596
463 13925198605 陈永秋 688605
464 13450258650 王晓鹏 688650
465 13503018659 何冰 688659
466 13501518693 余岳溪 688693
467 13609758698 周菲 688698
468 13826458734 刘哲 688734
469 13610208743 梁嘉辉 688743
470 13926248789 张楚 688789
471 13925038796 曹亚龙 688796
472 13826408819 杨秀云 688819
473 13533888854 李维隆 688854
474 13539918918 张鑫 688918
475 13533678922 肖灿泽 688922
476 13602808952 史强 688952
477 13600098961 魏持辉 688961
478 13825078967 金锁 688967
479 15992428985 罗彩仪 688985
480 13560398995 王红星 688995
481 13808889002 何建中 689002
482 13609769020 陈晓强 689020
483 13560099035 张锐 689035
484 18826469062 赵耀洪 689062
485 13600009077 林文胜 689077
486 18826129095 钟力强 689095
487 18826469106 王住伟 689106
488 13924199126 张丽雯 689126
489 13610129154 林惠梅 689154
490 13925089159 高雅 689159
491 13922299175 牟少坤 689175
492 13802919215 潘乔养 689215
493 13609089227 张征平 689227
494 13503059276 廖宏楷 689276
495 13428899318 李雄 689318
496 13925059319 王荻 689319
497 13902219351 刘军 689351
498 13926009402 沈跃良 689402
499 13501529406 胡平 689406
500 18825089425 新客户 689425
501 13610239500 张曦 689500
502 13711659529 李玉凤 689529
503 13925079545 吕鸿 689545
504 13925129549 阚杰 689549
505 18802099571 黄辉 689571
506 13802529581 李谦 689581
507 13922209582 张玉洁 689582
508 13503069586 陈禾 689586
509 13802739592 夏筠 689592
510 18802009600 张伟光 689600
511 13926029649 冯永新 689649
512 18824909656 陈文 689656
513 13922209675 蔡振文 689675
514 13602809753 周永言 689753
515 13826189760 彭瑞芹 689760
516 13925149809 郑国荣 689809
517 13926079830 冯金利 689830
518 13660239839 李晓枫 689839
519 13763349845 李华林 689845
520 13580529857 胡正荣 689857
521 13535139858 刘丽孺 689858
522 13631419859 蔡笋 689859
523 13728059895 新客户 689895
524 13926039906 张曦 689906
525 13430339909 13430339909 689909
526 13903009940 林一峰 689940
527 13926029967 郑国荣 689967
528 13926039980 柯春俊 689980
529 13609799994 赵立朋 689994
530 15920921448 曾志坚 691448
531 13794391561 颜璟仪 691561
532 13929564408 李宜 694408
533 13925009227 明建成 699227